0.00366421
0.00244281
0.0195425
0.049589
0.0742614
0.00598488
0.259915
0.00940481
0.0820784
0.00341993
0.0498333
0.00109926
0.0012214
0.00219853
0.00769485
0.0293137
0.00439705
0.117255
0.0119698
0.0119698
0.00390849
0.0372528
0.0012214
0.0232067
0.0846433
0.0692536
0.116522
0.122263
0.0116033
0.0238174
0.106873
0.0359093
0.0230845
0.0596045
0.0012214
0.0102598
0.00610702
0.0232067
0.171485
0.192493
0.000977123
0.000977123
0.0146568
0.00293137
0.00439705
0.00305351
0.0175882
0.0607038
0.0285809
0.0273595
0.000977123
0.0742614
0.0322451
0.00488562
0.00806127
0.175882
0.063513
0.0153897
0.0179546
0.0351764
0.0666887
0.0923381
0.00586274
0.202997
0.0195425
0.381078
0.00195425
0.000732842
0.123118
0.0273595
0.102598
0.00977123
0.00854983
0.0051299
0.00244281
0.128247
0.0254052
0.00293137
0.0153897
0.0190539
0.00732842
0.00109926
0.00879411
0.00219853
0.0454362
0.000977123
0.0214967
0.665177
0.0153897
0.00244281
0.00195425
0.079147
0.0265045
0.00549632
0.00671772
0.00781699
0.112369
0.0131912
0.0051299
0.118232
