0.10355
0.107534
0.0910647
0.111821
0.0915719
0.0875973
0.0607138
0
0.0388704
0.059565
0.10293
0
0.107097
0.0890105
0.137923
0.104222
0.0938768
0
0.068251
0.105646
0.0971721
0.0910075
0.100277
0.0812192
0.102339
0.0700257
0.148434
0.125924
0.0713711
0.145012
0.0962355
0.150447
0.361598
0.0912761
0.0769365
0.079845
0.0595901
0.144574
0.160318
0.0797531
0.0418749
0.0523463
0.0530495
0.0651844
0.0828351
0.057657
0.0493805
0.0368764
0.0464429
0.055611
0
0.0879338
0.0934023
0.0658301
0.0792704
0.110684
0.0929207
0
0
0.0796873
0.0492561
0.109496
0.091295
0.0948423
0.0961806
0.0953732
0.0399554
0.0516692
0.114489
0.0768965
0.068705
0.0800454
0.312426
0.0769245
0.0951255
0.091878
0.0890486
0.0936835
0.114751
0.0539473
0.0520377
0.108066
0.0894777
0.0881837
0.0579125
0.0914486
0.0251219
0.0858893
0.104582
0.066401
0.0883289
0.190769
0.116997
0.035618
0.150286
0.041377
0.0978938
0.0657583
0.0596078
0.0670502
