0	13	0	3	1	2	1	5	8	0	0	43	6	7	2	1	0	1	1	0	1	1	2	2	0	4	0	0	1	1	0	1	1	22	0	0	1	5	0	3	2	2	1	6	6	8	1	6	0	0	4
3	3	0	0	13	0	0	0	5	4	0	8	2	1	6	3	1	2	0	0	1	7	1	0	0	1	0	0	88	5	1	5	3	7	0	2	1	1	1	0	2	12	4	0	7	0	0	4	1	0	0
8	1	0	0	0	0	0	0	0	2	3	1	0	3	0	0	0	4	2	1	0	0	3	0	1	0	0	3	0	0	0	0	1	0	0	0	3	5	1	0	0	2	0	0	0	0	0	6	0	2	1
9	3	1	2	2	2	1	5	2	1	4	63	2	2	0	0	0	1	0	1	2	14	1	2	13	3	0	0	6	3	0	1	0	1	5	0	1	6	1	1	1	0	2	4	0	0	7	3	5	9	1
12	0	0	0	1	4	0	0	2	3	0	170	0	3	0	2	1	1	0	2	0	0	4	0	0	0	0	2	0	0	2	0	0	0	0	1	0	2	1	0	0	4	0	0	0	0	0	0	0	0	0
15	1	0	1	1	0	1	2	0	0	1	13	0	8	0	0	0	1	1	0	1	0	0	1	1	2	0	1	1	0	0	7	0	2	0	4	0	1	1	0	10	1	1	0	1	5	4	0	0	3	3
16	3	2	5	2	2	1	0	12	3	0	69	2	7	0	2	0	0	1	2	1	10	2	3	0	0	0	0	6	4	0	11	1	3	18	2	0	1	5	1	0	3	1	5	16	0	0	0	0	0	1
18	4	1	4	0	0	1	0	0	0	3	18	7	0	9	0	0	2	0	0	4	1	2	0	0	2	1	0	5	5	0	1	2	0	0	1	3	1	0	1	1	0	1	5	4	0	2	0	1	9	3
21	12	0	4	1	0	2	4	1	1	0	5	2	13	1	0	5	4	3	3	2	0	2	0	13	0	4	1	8	2	1	0	0	0	0	3	3	15	1	0	1	2	1	0	2	9	1	6	0	2	3
24	7	15	2	3	53	1	14	10	0	2	23	0	4	1	0	7	2	11	6	12	10	11	10	0	2	3	0	1	2	17	0	1	8	4	13	3	7	16	0	12	3	18	2	14	2	11	10	22	1	1
25	6	4	1	1	4	10	2	3	7	5	0	0	20	9	3	22	12	3	8	5	2	2	17	0	0	0	16	4	0	8	2	4	11	0	4	1	11	11	2	0	2	3	1	0	1	1	0	2	7	0
26	2	4	2	3	0	0	0	2	4	3	0	0	1	0	0	1	0	1	2	11	1	4	5	2	1	1	0	11	0	0	5	2	0	2	4	0	2	1	1	0	1	8	0	0	0	0	1	0	2	0
28	11	21	3	1	7	4	3	8	11	3	2	8	7	6	8	11	12	10	11	6	9	0	2	16	1	3	46	1	17	22	6	25	10	11	9	1	5	16	6	2	7	0	8	1	4	7	20	6	10	15
30	1	3	0	0	0	2	0	0	1	0	1	0	6	2	0	2	0	2	0	0	1	0	0	0	2	4	3	0	2	3	1	2	2	0	5	1	2	0	2	0	4	0	8	0	2	3	6	0	0	6
31	1	6	1	0	1	1	3	2	0	0	0	1	0	1	2	0	2	0	6	1	1	0	0	1	0	1	3	2	0	1	0	0	1	1	1	0	2	1	0	0	0	1	1	0	0	0	1	0	3	0
32	2	1	7	4	0	2	1	1	0	2	14	1	0	0	0	2	10	2	1	0	1	0	3	0	1	0	0	1	1	0	1	0	2	0	0	2	1	0	2	2	1	1	0	0	2	1	2	1	0	3
35	0	0	0	0	0	5	2	0	0	0	2	0	2	2	0	2	0	1	4	1	0	1	0	0	2	0	1	2	1	0	3	0	9	2	1	0	1	1	0	0	2	1	2	0	3	0	1	0	1	0
36	0	0	0	1	0	0	0	0	1	0	37	2	1	0	1	1	0	3	0	0	5	0	1	0	0	0	2	0	0	2	0	3	0	1	0	1	11	1	0	2	0	2	0	0	0	0	0	1	0	0
37	0	0	3	0	3	1	0	1	0	1	2	3	0	1	0	0	0	4	0	1	1	0	0	1	2	0	0	5	1	0	0	2	1	0	1	0	1	0	1	0	0	3	3	0	1	1	0	0	2	2
39	0	1	0	0	1	0	0	0	0	0	0	0	0	1	2	0	0	0	0	0	0	0	1	0	1	0	0	3	0	0	0	1	0	0	0	342	0	0	1	2	2	0	0	0	0	2	0	0	0	0
40	0	0	0	2	0	0	0	0	0	2	5	2	2	1	1	0	1	0	2	0	4	1	1	0	0	1	0	5	1	1	2	0	0	7	0	0	1	0	0	0	1	0	0	0	0	0	0	1	0	2
41	1	3	0	4	6	26	0	4	4	0	4	0	1	4	2	0	2	3	2	2	2	0	1	3	1	0	1	1	1	0	8	1	2	1	0	2	5	2	3	3	1	0	0	5	2	1	0	0	3	2
43	11	2	1	3	0	2	5	5	0	2	50	1	0	1	1	1	6	0	8	0	3	2	1	7	3	1	0	0	2	1	4	9	3	9	0	8	2	0	0	1	4	4	4	0	4	0	6	9	4	13
44	50	2	42	22	11	3	4	1	13	6	34	2	2	3	2	5	13	13	4	9	4	2	3	19	11	26	0	9	5	28	8	2	4	3	17	4	6	4	10	5	37	3	4	22	1	10	0	4	40	1
45	2	3	0	4	0	0	0	0	3	3	2	0	0	7	2	0	1	0	2	0	0	0	6	3	1	0	78	0	6	2	0	4	2	1	6	5	1	1	6	1	0	1	7	0	6	1	1	3	7	5
49	0	0	1	0	0	0	0	0	1	10	0	0	1	3	0	0	0	1	0	0	1	0	2	0	1	1	0	0	1	0	1	0	1	0	1	0	0	1	1	1	1	0	0	0	0	0	0	2	0	1
50	0	3	1	3	0	0	0	5	0	0	1	0	0	0	2	1	2	0	1	2	1	7	9	0	0	1	0	1	0	2	2	1	0	0	1	0	0	0	1	1	2	0	0	1	2	5	3	13	1	1
51	0	0	1	1	0	7	1	1	0	63	1	0	1	1	1	0	0	0	0	7	0	0	0	0	0	5	1	0	1	2	0	5	1	0	1	0	2	8	1	0	6	2	0	3	0	3	0	5	0	1
52	2	1	0	0	0	0	9	2	3	0	31	1	2	0	0	0	1	0	1	0	0	7	0	1	5	0	0	3	1	4	2	6	0	0	0	0	1	1	1	0	2	2	4	1	2	0	1	5	2	2
53	19	1	3	5	3	1	3	6	2	0	32	1	1	0	0	4	3	14	16	0	0	1	2	1	3	0	0	1	7	0	6	9	1	0	2	5	1	1	0	9	0	5	0	3	13	3	14	33	9	4
54	1	1	8	6	1	4	1	3	1	0	0	0	1	4	0	1	2	1	0	11	0	1	0	0	0	1	3	0	0	4	0	0	0	0	4	12	1	6	5	0	0	2	1	3	0	3	5	3	2	1
55	2	3	2	4	0	1	2	1	0	1	8	2	3	0	2	0	0	2	1	0	0	1	3	1	4	1	0	0	1	0	1	0	0	2	0	1	1	0	0	3	0	3	3	0	0	1	3	0	0	1
56	0	0	4	1	2	0	1	1	2	2	9	1	5	1	1	3	2	0	0	1	3	0	1	2	0	2	1	0	4	2	7	2	0	5	2	3	5	0	2	6	0	1	1	1	0	3	3	0	1	0
57	1	3	1	1	0	0	0	0	0	0	2	0	0	0	1	3	0	0	0	4	0	0	0	0	1	3	0	0	1	4	2	2	0	3	0	1	3	0	2	1	0	2	0	1	0	1	0	3	3	0
60	4	4	1	2	1	0	0	1	0	1	2	0	3	3	0	0	2	0	3	0	0	4	2	2	1	2	0	0	2	0	0	2	0	0	1	0	5	1	0	3	0	3	1	0	0	1	3	0	0	0
61	3	2	0	1	1	0	3	1	1	3	3	1	85	1	0	0	0	0	0	1	6	8	0	0	0	0	0	0	3	0	0	3	0	1	0	0	3	1	2	0	1	1	0	0	1	0	2	0	1	2
66	0	1	0	0	1	0	2	0	0	0	4	1	0	1	2	2	2	0	1	1	2	1	0	0	0	1	0	4	1	0	0	1	2	0	0	0	0	1	0	0	0	0	1	1	0	2	4	1	0	1
68	0	6	0	1	3	0	1	2	1	1	0	1	0	1	1	2	2	2	0	3	2	1	3	8	0	0	9	1	0	2	1	0	0	0	0	1	0	6	0	7	4	0	0	1	1	4	5	0	1	1
71	1	3	0	0	0	0	3	0	2	0	2	2	2	0	0	1	0	0	0	0	0	1	0	0	0	2	1	0	1	0	2	1	1	0	1	0	1	0	1	1	0	4	0	1	0	0	0	1	1	0
76	0	0	2	2	0	3	2	5	0	1	3	0	0	1	4	1	2	1	0	0	1	0	4	1	3	2	2	1	1	4	0	0	0	1	0	1	1	0	0	0	0	0	0	0	0	2	0	1	0	2
78	2	3	4	1	0	0	0	2	1	0	3	2	3	4	1	0	5	2	1	0	0	0	0	1	0	0	0	5	0	1	1	4	4	3	3	1	2	1	0	1	0	4	1	0	0	1	1	6	0	0
79	1	1	4	0	0	0	3	2	1	0	0	1	2	0	116	3	0	7	1	2	0	1	4	0	0	1	0	0	0	2	0	0	0	1	2	0	0	0	1	0	1	0	2	0	3	1	0	0	1	2
80	1	0	0	0	0	1	0	1	0	3	1	1	1	0	2	0	2	0	0	0	0	0	0	1	0	0	0	0	1	1	0	1	0	1	1	0	0	0	0	0	2	2	3	0	0	0	0	2	2	1
81	0	1	1	1	0	2	3	0	1	2	2	1	0	0	3	0	0	2	2	1	0	0	0	0	0	0	0	0	0	0	6	2	0	1	0	0	1	0	0	0	1	3	1	0	0	0	0	0	2	0
82	14	20	3	2	3	3	4	1	4	5	0	2	0	1	1	2	1	0	7	5	9	3	9	0	1	11	7	0	5	2	14	1	8	1	5	0	0	1	5	5	8	8	2	20	2	1	2	1	4	7
83	0	2	6	3	3	1	3	2	0	0	38	2	1	4	0	0	0	2	0	2	1	1	3	0	0	1	4	4	1	0	0	6	0	0	0	0	0	1	2	1	0	1	2	0	0	2	4	0	0	2
85	1	0	4	0	6	7	1	0	0	3	48	0	1	0	1	0	0	1	0	3	1	1	0	7	0	1	0	0	0	0	0	0	0	0	1	0	1	0	1	2	0	1	3	0	1	0	0	0	1	0
86	1	0	0	9	4	0	0	1	1	0	1	1	1	6	2	2	0	0	0	1	0	3	0	3	1	0	0	5	0	2	7	0	0	1	0	0	0	1	1	2	0	1	1	0	0	1	0	1	0	0
91	0	2	4	0	2	2	4	8	1	3	27	0	4	3	2	1	2	4	1	1	5	0	2	2	5	5	4	2	0	1	0	3	1	4	2	1	0	3	2	2	3	3	7	4	0	6	2	5	1	0
95	0	0	2	2	0	5	0	0	1	1	2	3	2	0	0	1	0	0	0	0	4	0	1	0	1	2	3	1	2	0	0	0	0	0	0	4	2	0	2	4	0	4	0	2	1	1	0	0	0	0
96	0	3	0	1	0	1	5	7	0	1	1	1	0	0	5	2	1	0	2	2	1	1	0	0	1	12	1	4	3	0	2	6	0	4	2	29	0	0	4	1	3	0	4	1	0	0	1	5	1	2
97	1	1	1	1	0	1	0	0	0	1	1	1	0	1	0	7	0	1	2	0	1	0	0	1	2	0	0	0	0	0	0	1	2	0	0	1	0	0	0	1	6	1	2	0	2	0	1	1	1	1
98	0	5	1	0	7	6	0	5	0	1	30	2	0	1	4	2	1	2	1	1	1	1	3	0	1	1	1	90	4	4	6	4	2	10	2	0	4	3	3	6	0	3	0	0	3	2	6	11	0	0
