1	0	1	0	0	0	1	0	0	0	0	159	0	0	0	2	1	1	1	3	0	2	1	2	3	0	0	0	1	1	2	2	2	1	6	0	0	0	1	0	1	1	4	0	0	1	0	0	0	0	0
2	0	1	3	0	2	0	4	1	0	0	14	0	0	1	0	3	0	0	0	0	1	1	0	1	0	0	0	1	2	2	0	0	0	0	3	2	0	1	4	0	0	3	4	2	1	2	2	0	6	2
4	0	0	1	3	0	7	3	0	1	41	0	1	0	1	2	0	1	1	0	5	1	1	0	0	5	1	0	2	1	1	0	3	2	0	6	0	0	0	3	0	2	1	0	1	3	2	1	0	2	0
5	0	0	3	0	1	1	0	1	1	1	10	0	2	0	0	5	4	6	0	3	0	0	4	0	0	0	2	0	3	3	3	8	1	2	8	8	2	0	0	1	1	3	1	2	2	6	0	2	0	1
6	2	0	1	0	0	3	1	2	1	0	2	0	4	3	2	0	0	0	1	2	1	0	1	3	1	0	0	2	0	0	0	4	2	2	0	0	0	1	0	1	0	0	2	0	0	0	5	2	0	1
7	3	0	0	1	1	0	0	2	4	0	5	0	0	0	0	1	1	0	2	1	0	0	1	2	0	0	0	0	1	3	2	2	3	0	2	1	0	4	0	1	0	3	1	1	1	2	2	4	0	0
10	3	1	0	0	5	6	3	6	1	1	25	3	1	4	0	0	3	3	2	0	4	3	10	9	0	4	0	1	2	1	0	6	4	4	0	1	0	0	12	0	3	0	10	10	4	4	4	3	2	0
11	6	0	0	0	1	1	0	1	0	0	0	1	0	0	1	1	0	0	0	2	1	0	0	1	0	0	0	0	0	0	0	0	1	1	6	2	1	0	0	2	0	0	0	2	0	4	1	0	4	0
13	9	5	12	4	0	7	2	3	6	0	27	10	5	8	10	4	5	1	5	4	2	2	10	10	6	0	1	6	7	1	0	8	4	0	6	2	5	13	1	6	3	5	8	3	10	4	0	0	5	1
14	0	4	0	1	0	0	0	1	5	0	40	5	1	2	1	1	1	0	4	0	2	0	0	0	4	2	1	0	0	0	0	3	0	1	0	0	0	1	0	2	0	4	0	3	1	4	2	0	1	0
17	1	4	1	1	0	1	3	0	1	1	0	0	0	1	0	2	10	0	2	0	0	0	4	1	8	5	0	0	2	0	1	0	1	7	1	4	2	2	0	0	0	1	2	1	0	1	0	1	5	0
19	4	2	2	2	3	3	0	1	2	0	15	1	1	0	0	0	0	1	2	0	1	1	0	16	0	0	1	0	0	2	5	0	0	5	2	2	0	8	2	0	0	0	3	1	0	4	1	0	2	1
20	1	0	4	2	0	0	0	0	0	0	5	0	0	0	0	0	1	0	0	2	1	5	0	0	1	2	0	2	0	1	0	0	0	0	0	1	1	0	1	0	0	0	0	2	0	0	0	2	0	0
22	0	0	1	0	1	1	1	0	0	1	40	8	5	11	0	0	0	4	0	0	8	1	3	2	8	1	1	0	7	0	0	0	2	1	0	0	0	6	2	2	0	2	4	0	1	1	2	1	5	1
23	7	1	2	17	0	0	0	0	2	0	2	2	4	9	1	1	0	2	2	11	1	6	1	4	1	11	1	0	0	3	7	9	1	1	0	88	0	2	3	0	1	3	1	0	8	1	1	1	5	10
27	0	0	1	1	4	1	2	0	4	1	0	0	0	1	0	0	6	1	1	1	2	5	1	3	0	0	0	0	0	1	1	0	0	0	0	0	6	0	0	1	0	1	0	3	0	1	2	1	0	0
29	0	1	0	2	3	2	6	2	3	0	0	1	4	0	0	6	3	1	1	4	3	6	0	1	5	2	0	9	1	9	0	5	3	0	10	1	1	4	0	1	7	6	0	1	1	8	2	0	4	1
33	8	0	1	1	2	4	0	6	2	68	0	1	0	0	0	0	3	1	0	1	0	0	0	11	1	1	0	0	2	0	0	5	2	0	5	0	4	4	2	0	2	2	1	3	1	0	0	2	0	2
34	0	0	3	1	1	3	0	0	0	0	0	2	0	0	1	0	2	1	0	0	0	1	0	1	0	0	2	0	0	0	0	0	0	0	0	0	4	1	0	0	2	1	0	3	1	1	0	0	1	0
38	2	0	0	1	1	2	0	0	0	0	0	1	0	0	0	0	0	0	0	0	0	1	0	0	0	0	0	0	1	0	1	3	2	0	0	0	0	0	1	0	0	0	0	0	2	0	0	1	1	0
42	0	0	0	0	0	0	1	1	3	0	1	0	0	0	3	3	1	3	8	2	0	3	3	2	3	0	178	0	0	0	0	0	6	0	2	1	0	1	2	3	6	0	0	0	0	1	0	2	0	2
46	1	0	0	3	0	0	3	6	3	0	33	0	1	1	1	0	0	0	0	1	0	4	2	4	0	0	2	0	0	2	1	0	0	2	3	2	1	0	2	0	1	0	0	1	1	0	0	0	3	0
47	0	2	2	1	2	0	0	1	0	1	2	0	0	0	0	1	0	2	0	1	1	1	0	0	2	0	0	1	0	1	0	0	1	0	1	0	1	0	1	0	1	0	2	0	1	0	3	0	1	0
48	0	0	4	2	0	0	0	1	0	3	0	0	1	3	2	5	0	6	0	0	2	1	2	3	0	0	1	0	0	1	0	2	1	0	3	1	0	2	1	0	0	0	3	0	0	0	0	4	1	0
58	0	1	0	0	2	0	1	0	4	3	2	1	1	1	3	0	2	1	3	0	4	0	0	0	0	1	0	0	0	0	0	0	2	4	0	1	0	3	3	3	1	5	2	1	0	0	6	2	1	0
59	4	0	0	2	6	0	1	1	2	0	51	3	0	0	0	0	0	0	1	0	0	0	2	1	0	0	0	1	0	0	0	0	5	0	0	1	1	0	1	0	2	3	0	0	0	0	0	1	0	0
62	6	0	1	0	3	1	0	1	0	0	44	3	1	0	0	1	0	0	12	1	0	1	1	1	1	0	0	0	1	0	0	0	10	1	4	1	0	3	4	0	1	2	1	3	0	1	3	2	0	4
63	0	0	0	0	1	0	3	2	0	1	0	0	2	0	1	2	0	0	3	0	181	1	0	2	0	1	0	0	0	0	1	0	0	0	1	0	1	0	0	0	0	1	0	1	0	0	0	0	0	1
64	0	1	3	3	2	0	1	2	2	1	0	0	1	0	3	0	0	3	5	0	3	0	3	0	3	0	2	2	1	3	0	4	2	0	1	0	0	3	0	0	3	0	2	1	0	1	1	2	2	3
65	1	0	0	0	1	0	1	0	1	4	2	0	1	3	1	0	0	2	3	1	5	0	2	0	2	0	0	0	0	1	2	0	0	0	0	0	1	0	0	0	0	0	0	0	1	0	1	0	0	0
67	0	2	1	0	0	0	2	0	0	2	1	2	1	0	1	1	0	0	0	1	0	0	0	1	2	0	2	0	6	0	0	0	0	1	2	0	0	0	0	3	0	1	2	0	0	2	0	2	0	0
69	0	1	2	1	0	0	0	1	0	1	0	0	9	0	0	3	4	2	5	1	0	1	0	4	1	1	98	0	0	0	3	4	1	0	3	2	0	0	3	1	1	0	0	2	1	2	0	1	2	0
70	2	2	2	3	4	0	4	6	1	0	0	1	4	0	3	2	2	1	1	0	0	0	2	5	2	0	1	0	4	2	0	5	1	1	2	0	0	6	6	2	4	0	2	1	8	0	1	1	3	0
72	0	1	1	1	2	4	140	3	1	0	3	2	0	3	3	0	2	0	0	1	0	0	2	1	1	2	0	1	2	0	1	1	1	0	11	0	0	0	1	1	4	0	2	1	0	8	1	2	1	0
73	6	0	0	10	1	4	2	0	7	6	6	2	4	17	1	6	15	0	1	3	4	1	5	4	0	1	0	3	10	2	0	7	4	2	2	0	2	3	4	1	0	1	6	4	11	0	3	4	5	1
74	2	0	0	0	0	1	2	0	0	1	41	1	0	1	0	1	0	3	0	0	2	2	2	0	0	1	0	5	1	8	0	3	0	1	1	0	0	2	9	1	3	0	0	0	3	1	0	0	2	0
75	2	2	5	11	2	4	0	0	12	1	0	15	0	10	0	13	0	1	8	1	1	1	3	0	4	2	3	0	1	0	6	3	1	1	4	0	1	1	42	11	17	1	1	2	3	14	7	0	8	0
77	1	0	1	0	1	0	2	5	0	0	4	0	2	1	1	3	1	4	1	2	2	0	0	1	3	6	0	5	2	0	0	0	2	0	9	0	9	1	2	0	0	0	0	1	2	1	0	0	3	0
84	8	0	0	1	0	2	0	0	2	0	10	0	0	2	0	2	0	5	1	4	0	2	2	1	3	0	0	5	0	1	0	0	0	0	2	0	0	0	0	1	5	1	1	0	3	1	0	1	4	0
87	0	8	0	2	0	2	0	0	1	4	0	0	7	0	5	0	0	4	4	8	0	6	2	0	1	4	0	0	2	0	1	0	0	2	9	12	0	1	5	5	1	10	0	1	0	1	1	1	1	6
88	0	0	3	2	4	1	0	0	2	2	38	2	1	1	1	1	1	1	1	1	0	1	3	7	2	2	1	1	1	3	1	1	1	2	0	4	2	1	4	2	5	0	0	1	0	3	1	2	0	0
89	0	0	2	1	1	3	2	5	2	1	0	0	0	0	2	0	4	0	0	1	0	0	0	0	2	0	0	0	0	1	0	1	0	2	0	0	0	0	3	0	0	0	0	3	0	2	1	0	0	0
90	2	1	1	0	0	0	5	0	6	1	4	1	0	1	3	0	2	5	2	2	0	0	0	1	12	3	0	1	3	4	3	0	2	1	1	0	1	0	1	2	0	1	8	0	0	7	0	2	0	5
92	3	3	8	1	4	12	0	1	1	2	6	3	3	7	1	2	0	6	3	0	0	2	0	6	2	1	1	2	0	3	3	3	4	6	2	0	4	1	3	7	0	3	0	2	0	0	1	2	1	3
93	0	0	0	1	2	0	0	0	1	1	1	1	1	0	1	1	1	1	2	0	2	4	2	0	2	0	2	0	0	3	1	0	2	3	0	6	0	1	2	0	0	0	1	1	4	3	1	0	0	0
94	0	0	1	0	0	0	0	0	0	0	0	0	1	0	0	0	0	0	1	0	0	1	0	0	0	0	0	3	0	0	0	0	0	0	0	0	0	0	0	0	0	1	0	0	0	0	0	0	0	1
99	0	11	2	0	0	1	1	3	0	42	0	1	3	1	0	8	2	2	1	5	0	0	1	6	0	0	2	0	1	0	1	4	0	0	1	1	0	4	3	0	2	3	1	3	1	0	0	0	4	0
